(5.10)
es 10.16
8.5
1.1
7.1
10.7
es 13.1
es 3.7
3.3
(14.6)
13.12
9.2
1.2
13.4
13.5
(13.8)
7.4
es 10.7
(1.8)
13.1
es 10.1
(13.9)
3.5
(14.10)
(14.9)
4.7
2.9
4.4
6.1
8.1
4.9
5.5
(13.11)
es 7.11
14.3
6.6
9.9
13.2
15.5
10.2
es 10.2
7.2
1.7
es 8.11
1.3
4.6
es 3.9
2.7
es 14.2
4.1
9.6
(14.8)
8.3
6.4
16.7
8.2
es 13.10
6.5
6.3
10.11
5.2
5.1
9.7
1.5
es 13.2
2.6
2.8
8.4
es 9.5
es 13.4
es 13.3
(13.7)
14.2
7.6
5.4
es 15.2
2.2
13.3
2.1
es 14.10
9.3
16.1
2.4
es 1.8
es 3.4
10.8
10.10
4.8
(8.8)
2.5
5.3
es 2.1
es 10.21
(7.8)
es 8.1
15.2
7.3
es 13.5
6.2
15.3
16.3